X06= [0 0 0 0  0 0  ]'; 

Xdot06= [0 0 0 0   0 0 ]'; 


X0= [0 0 0 ]'; 

Xdot0= [0 0 0  ]'; 

