X0= [0 0 0   ]'; 

Xdot0= [0 0 0  ]'; 